{
 "cells": [
  {
   "cell_type": "code",
   "execution_count": null,
   "metadata": {},
   "outputs": [],
   "source": [
    "pip install pandas_datareader"
   ]
  },
  {
   "cell_type": "code",
   "execution_count": 1,
   "metadata": {},
   "outputs": [],
   "source": [
    "# Load Packages\n",
    "import numpy as np\n",
    "import pandas as pd\n",
    "from pandas_datareader import data\n",
    "import matplotlib.pyplot as plt\n",
    "%matplotlib inline"
   ]
  },
  {
   "cell_type": "code",
   "execution_count": 2,
   "metadata": {},
   "outputs": [
    {
     "data": {
      "text/html": [
       "<div>\n",
       "<style scoped>\n",
       "    .dataframe tbody tr th:only-of-type {\n",
       "        vertical-align: middle;\n",
       "    }\n",
       "\n",
       "    .dataframe tbody tr th {\n",
       "        vertical-align: top;\n",
       "    }\n",
       "\n",
       "    .dataframe thead tr th {\n",
       "        text-align: left;\n",
       "    }\n",
       "\n",
       "    .dataframe thead tr:last-of-type th {\n",
       "        text-align: right;\n",
       "    }\n",
       "</style>\n",
       "<table border=\"1\" class=\"dataframe\">\n",
       "  <thead>\n",
       "    <tr>\n",
       "      <th>Attributes</th>\n",
       "      <th colspan=\"6\" halign=\"left\">Adj Close</th>\n",
       "      <th colspan=\"4\" halign=\"left\">Close</th>\n",
       "      <th>...</th>\n",
       "      <th colspan=\"4\" halign=\"left\">Open</th>\n",
       "      <th colspan=\"6\" halign=\"left\">Volume</th>\n",
       "    </tr>\n",
       "    <tr>\n",
       "      <th>Symbols</th>\n",
       "      <th>ASIAN.BK</th>\n",
       "      <th>TU.BK</th>\n",
       "      <th>BBL.BK</th>\n",
       "      <th>MTC.BK</th>\n",
       "      <th>SAWAD.BK</th>\n",
       "      <th>TIDLOR.BK</th>\n",
       "      <th>ASIAN.BK</th>\n",
       "      <th>TU.BK</th>\n",
       "      <th>BBL.BK</th>\n",
       "      <th>MTC.BK</th>\n",
       "      <th>...</th>\n",
       "      <th>BBL.BK</th>\n",
       "      <th>MTC.BK</th>\n",
       "      <th>SAWAD.BK</th>\n",
       "      <th>TIDLOR.BK</th>\n",
       "      <th>ASIAN.BK</th>\n",
       "      <th>TU.BK</th>\n",
       "      <th>BBL.BK</th>\n",
       "      <th>MTC.BK</th>\n",
       "      <th>SAWAD.BK</th>\n",
       "      <th>TIDLOR.BK</th>\n",
       "    </tr>\n",
       "    <tr>\n",
       "      <th>Date</th>\n",
       "      <th></th>\n",
       "      <th></th>\n",
       "      <th></th>\n",
       "      <th></th>\n",
       "      <th></th>\n",
       "      <th></th>\n",
       "      <th></th>\n",
       "      <th></th>\n",
       "      <th></th>\n",
       "      <th></th>\n",
       "      <th></th>\n",
       "      <th></th>\n",
       "      <th></th>\n",
       "      <th></th>\n",
       "      <th></th>\n",
       "      <th></th>\n",
       "      <th></th>\n",
       "      <th></th>\n",
       "      <th></th>\n",
       "      <th></th>\n",
       "      <th></th>\n",
       "    </tr>\n",
       "  </thead>\n",
       "  <tbody>\n",
       "    <tr>\n",
       "      <th>2021-06-28</th>\n",
       "      <td>15.681964</td>\n",
       "      <td>18.774424</td>\n",
       "      <td>110.929268</td>\n",
       "      <td>56.794464</td>\n",
       "      <td>67.414185</td>\n",
       "      <td>38.010002</td>\n",
       "      <td>16.299999</td>\n",
       "      <td>19.700001</td>\n",
       "      <td>114.0</td>\n",
       "      <td>57.25</td>\n",
       "      <td>...</td>\n",
       "      <td>115.0</td>\n",
       "      <td>56.50</td>\n",
       "      <td>68.50</td>\n",
       "      <td>37.839287</td>\n",
       "      <td>18953800.0</td>\n",
       "      <td>39668700.0</td>\n",
       "      <td>5587900.0</td>\n",
       "      <td>6321000.0</td>\n",
       "      <td>9231300.0</td>\n",
       "      <td>11117722.0</td>\n",
       "    </tr>\n",
       "    <tr>\n",
       "      <th>2021-06-29</th>\n",
       "      <td>15.585755</td>\n",
       "      <td>19.250931</td>\n",
       "      <td>110.442734</td>\n",
       "      <td>57.538494</td>\n",
       "      <td>67.655815</td>\n",
       "      <td>38.470730</td>\n",
       "      <td>16.200001</td>\n",
       "      <td>20.200001</td>\n",
       "      <td>113.5</td>\n",
       "      <td>58.00</td>\n",
       "      <td>...</td>\n",
       "      <td>114.0</td>\n",
       "      <td>57.50</td>\n",
       "      <td>69.75</td>\n",
       "      <td>38.071430</td>\n",
       "      <td>21527200.0</td>\n",
       "      <td>63567400.0</td>\n",
       "      <td>7952700.0</td>\n",
       "      <td>6145000.0</td>\n",
       "      <td>6854300.0</td>\n",
       "      <td>10329199.0</td>\n",
       "    </tr>\n",
       "    <tr>\n",
       "      <th>2021-06-30</th>\n",
       "      <td>15.778172</td>\n",
       "      <td>18.869724</td>\n",
       "      <td>109.956200</td>\n",
       "      <td>57.042473</td>\n",
       "      <td>66.447670</td>\n",
       "      <td>38.240368</td>\n",
       "      <td>16.400000</td>\n",
       "      <td>19.799999</td>\n",
       "      <td>113.0</td>\n",
       "      <td>57.50</td>\n",
       "      <td>...</td>\n",
       "      <td>114.0</td>\n",
       "      <td>58.00</td>\n",
       "      <td>70.00</td>\n",
       "      <td>38.767860</td>\n",
       "      <td>20194400.0</td>\n",
       "      <td>18654600.0</td>\n",
       "      <td>5032400.0</td>\n",
       "      <td>4776900.0</td>\n",
       "      <td>6969500.0</td>\n",
       "      <td>8132491.0</td>\n",
       "    </tr>\n",
       "    <tr>\n",
       "      <th>2021-07-01</th>\n",
       "      <td>15.970590</td>\n",
       "      <td>18.965025</td>\n",
       "      <td>110.929268</td>\n",
       "      <td>57.290485</td>\n",
       "      <td>68.139069</td>\n",
       "      <td>38.470730</td>\n",
       "      <td>16.600000</td>\n",
       "      <td>19.900000</td>\n",
       "      <td>114.0</td>\n",
       "      <td>57.75</td>\n",
       "      <td>...</td>\n",
       "      <td>113.5</td>\n",
       "      <td>57.25</td>\n",
       "      <td>68.75</td>\n",
       "      <td>38.535717</td>\n",
       "      <td>17834200.0</td>\n",
       "      <td>23485600.0</td>\n",
       "      <td>15313500.0</td>\n",
       "      <td>4254400.0</td>\n",
       "      <td>10699000.0</td>\n",
       "      <td>15859952.0</td>\n",
       "    </tr>\n",
       "    <tr>\n",
       "      <th>2021-07-02</th>\n",
       "      <td>15.778172</td>\n",
       "      <td>18.774424</td>\n",
       "      <td>108.983139</td>\n",
       "      <td>57.042473</td>\n",
       "      <td>66.930931</td>\n",
       "      <td>37.318909</td>\n",
       "      <td>16.400000</td>\n",
       "      <td>19.700001</td>\n",
       "      <td>112.0</td>\n",
       "      <td>57.50</td>\n",
       "      <td>...</td>\n",
       "      <td>113.5</td>\n",
       "      <td>58.00</td>\n",
       "      <td>70.25</td>\n",
       "      <td>38.535717</td>\n",
       "      <td>14428700.0</td>\n",
       "      <td>26752900.0</td>\n",
       "      <td>12432800.0</td>\n",
       "      <td>7366200.0</td>\n",
       "      <td>9631600.0</td>\n",
       "      <td>17992906.0</td>\n",
       "    </tr>\n",
       "  </tbody>\n",
       "</table>\n",
       "<p>5 rows × 36 columns</p>\n",
       "</div>"
      ],
      "text/plain": [
       "Attributes  Adj Close                                                          \\\n",
       "Symbols      ASIAN.BK      TU.BK      BBL.BK     MTC.BK   SAWAD.BK  TIDLOR.BK   \n",
       "Date                                                                            \n",
       "2021-06-28  15.681964  18.774424  110.929268  56.794464  67.414185  38.010002   \n",
       "2021-06-29  15.585755  19.250931  110.442734  57.538494  67.655815  38.470730   \n",
       "2021-06-30  15.778172  18.869724  109.956200  57.042473  66.447670  38.240368   \n",
       "2021-07-01  15.970590  18.965025  110.929268  57.290485  68.139069  38.470730   \n",
       "2021-07-02  15.778172  18.774424  108.983139  57.042473  66.930931  37.318909   \n",
       "\n",
       "Attributes      Close                           ...   Open                  \\\n",
       "Symbols      ASIAN.BK      TU.BK BBL.BK MTC.BK  ... BBL.BK MTC.BK SAWAD.BK   \n",
       "Date                                            ...                          \n",
       "2021-06-28  16.299999  19.700001  114.0  57.25  ...  115.0  56.50    68.50   \n",
       "2021-06-29  16.200001  20.200001  113.5  58.00  ...  114.0  57.50    69.75   \n",
       "2021-06-30  16.400000  19.799999  113.0  57.50  ...  114.0  58.00    70.00   \n",
       "2021-07-01  16.600000  19.900000  114.0  57.75  ...  113.5  57.25    68.75   \n",
       "2021-07-02  16.400000  19.700001  112.0  57.50  ...  113.5  58.00    70.25   \n",
       "\n",
       "Attributes                 Volume                                     \\\n",
       "Symbols     TIDLOR.BK    ASIAN.BK       TU.BK      BBL.BK     MTC.BK   \n",
       "Date                                                                   \n",
       "2021-06-28  37.839287  18953800.0  39668700.0   5587900.0  6321000.0   \n",
       "2021-06-29  38.071430  21527200.0  63567400.0   7952700.0  6145000.0   \n",
       "2021-06-30  38.767860  20194400.0  18654600.0   5032400.0  4776900.0   \n",
       "2021-07-01  38.535717  17834200.0  23485600.0  15313500.0  4254400.0   \n",
       "2021-07-02  38.535717  14428700.0  26752900.0  12432800.0  7366200.0   \n",
       "\n",
       "Attributes                          \n",
       "Symbols       SAWAD.BK   TIDLOR.BK  \n",
       "Date                                \n",
       "2021-06-28   9231300.0  11117722.0  \n",
       "2021-06-29   6854300.0  10329199.0  \n",
       "2021-06-30   6969500.0   8132491.0  \n",
       "2021-07-01  10699000.0  15859952.0  \n",
       "2021-07-02   9631600.0  17992906.0  \n",
       "\n",
       "[5 rows x 36 columns]"
      ]
     },
     "execution_count": 2,
     "metadata": {},
     "output_type": "execute_result"
    }
   ],
   "source": [
    "# Import data\n",
    "df = data.DataReader(['ASIAN.BK', 'TU.BK', 'BBL.BK', 'MTC.BK','SAWAD.BK','TIDLOR.BK'], 'yahoo', start='2021/06/26', end='2022/06/26')\n",
    "df.head()"
   ]
  },
  {
   "cell_type": "code",
   "execution_count": 3,
   "metadata": {},
   "outputs": [
    {
     "data": {
      "text/html": [
       "<div>\n",
       "<style scoped>\n",
       "    .dataframe tbody tr th:only-of-type {\n",
       "        vertical-align: middle;\n",
       "    }\n",
       "\n",
       "    .dataframe tbody tr th {\n",
       "        vertical-align: top;\n",
       "    }\n",
       "\n",
       "    .dataframe thead th {\n",
       "        text-align: right;\n",
       "    }\n",
       "</style>\n",
       "<table border=\"1\" class=\"dataframe\">\n",
       "  <thead>\n",
       "    <tr style=\"text-align: right;\">\n",
       "      <th>Symbols</th>\n",
       "      <th>ASIAN.BK</th>\n",
       "      <th>TU.BK</th>\n",
       "      <th>BBL.BK</th>\n",
       "      <th>MTC.BK</th>\n",
       "      <th>SAWAD.BK</th>\n",
       "      <th>TIDLOR.BK</th>\n",
       "    </tr>\n",
       "    <tr>\n",
       "      <th>Date</th>\n",
       "      <th></th>\n",
       "      <th></th>\n",
       "      <th></th>\n",
       "      <th></th>\n",
       "      <th></th>\n",
       "      <th></th>\n",
       "    </tr>\n",
       "  </thead>\n",
       "  <tbody>\n",
       "    <tr>\n",
       "      <th>2021-06-28</th>\n",
       "      <td>15.681964</td>\n",
       "      <td>18.774424</td>\n",
       "      <td>110.929268</td>\n",
       "      <td>56.794464</td>\n",
       "      <td>67.414185</td>\n",
       "      <td>38.010002</td>\n",
       "    </tr>\n",
       "    <tr>\n",
       "      <th>2021-06-29</th>\n",
       "      <td>15.585755</td>\n",
       "      <td>19.250931</td>\n",
       "      <td>110.442734</td>\n",
       "      <td>57.538494</td>\n",
       "      <td>67.655815</td>\n",
       "      <td>38.470730</td>\n",
       "    </tr>\n",
       "    <tr>\n",
       "      <th>2021-06-30</th>\n",
       "      <td>15.778172</td>\n",
       "      <td>18.869724</td>\n",
       "      <td>109.956200</td>\n",
       "      <td>57.042473</td>\n",
       "      <td>66.447670</td>\n",
       "      <td>38.240368</td>\n",
       "    </tr>\n",
       "    <tr>\n",
       "      <th>2021-07-01</th>\n",
       "      <td>15.970590</td>\n",
       "      <td>18.965025</td>\n",
       "      <td>110.929268</td>\n",
       "      <td>57.290485</td>\n",
       "      <td>68.139069</td>\n",
       "      <td>38.470730</td>\n",
       "    </tr>\n",
       "    <tr>\n",
       "      <th>2021-07-02</th>\n",
       "      <td>15.778172</td>\n",
       "      <td>18.774424</td>\n",
       "      <td>108.983139</td>\n",
       "      <td>57.042473</td>\n",
       "      <td>66.930931</td>\n",
       "      <td>37.318909</td>\n",
       "    </tr>\n",
       "  </tbody>\n",
       "</table>\n",
       "</div>"
      ],
      "text/plain": [
       "Symbols      ASIAN.BK      TU.BK      BBL.BK     MTC.BK   SAWAD.BK  TIDLOR.BK\n",
       "Date                                                                         \n",
       "2021-06-28  15.681964  18.774424  110.929268  56.794464  67.414185  38.010002\n",
       "2021-06-29  15.585755  19.250931  110.442734  57.538494  67.655815  38.470730\n",
       "2021-06-30  15.778172  18.869724  109.956200  57.042473  66.447670  38.240368\n",
       "2021-07-01  15.970590  18.965025  110.929268  57.290485  68.139069  38.470730\n",
       "2021-07-02  15.778172  18.774424  108.983139  57.042473  66.930931  37.318909"
      ]
     },
     "execution_count": 3,
     "metadata": {},
     "output_type": "execute_result"
    }
   ],
   "source": [
    "# Closing price\n",
    "df = df['Adj Close']\n",
    "df.head()"
   ]
  },
  {
   "cell_type": "code",
   "execution_count": 4,
   "metadata": {},
   "outputs": [
    {
     "data": {
      "text/html": [
       "<div>\n",
       "<style scoped>\n",
       "    .dataframe tbody tr th:only-of-type {\n",
       "        vertical-align: middle;\n",
       "    }\n",
       "\n",
       "    .dataframe tbody tr th {\n",
       "        vertical-align: top;\n",
       "    }\n",
       "\n",
       "    .dataframe thead th {\n",
       "        text-align: right;\n",
       "    }\n",
       "</style>\n",
       "<table border=\"1\" class=\"dataframe\">\n",
       "  <thead>\n",
       "    <tr style=\"text-align: right;\">\n",
       "      <th>Symbols</th>\n",
       "      <th>ASIAN.BK</th>\n",
       "      <th>TU.BK</th>\n",
       "      <th>BBL.BK</th>\n",
       "      <th>MTC.BK</th>\n",
       "      <th>SAWAD.BK</th>\n",
       "      <th>TIDLOR.BK</th>\n",
       "    </tr>\n",
       "    <tr>\n",
       "      <th>Symbols</th>\n",
       "      <th></th>\n",
       "      <th></th>\n",
       "      <th></th>\n",
       "      <th></th>\n",
       "      <th></th>\n",
       "      <th></th>\n",
       "    </tr>\n",
       "  </thead>\n",
       "  <tbody>\n",
       "    <tr>\n",
       "      <th>ASIAN.BK</th>\n",
       "      <td>0.000674</td>\n",
       "      <td>0.000092</td>\n",
       "      <td>0.000047</td>\n",
       "      <td>0.000144</td>\n",
       "      <td>0.000096</td>\n",
       "      <td>0.000050</td>\n",
       "    </tr>\n",
       "    <tr>\n",
       "      <th>TU.BK</th>\n",
       "      <td>0.000092</td>\n",
       "      <td>0.000229</td>\n",
       "      <td>0.000031</td>\n",
       "      <td>0.000065</td>\n",
       "      <td>0.000048</td>\n",
       "      <td>0.000026</td>\n",
       "    </tr>\n",
       "    <tr>\n",
       "      <th>BBL.BK</th>\n",
       "      <td>0.000047</td>\n",
       "      <td>0.000031</td>\n",
       "      <td>0.000209</td>\n",
       "      <td>0.000093</td>\n",
       "      <td>0.000091</td>\n",
       "      <td>0.000084</td>\n",
       "    </tr>\n",
       "    <tr>\n",
       "      <th>MTC.BK</th>\n",
       "      <td>0.000144</td>\n",
       "      <td>0.000065</td>\n",
       "      <td>0.000093</td>\n",
       "      <td>0.000394</td>\n",
       "      <td>0.000264</td>\n",
       "      <td>0.000156</td>\n",
       "    </tr>\n",
       "    <tr>\n",
       "      <th>SAWAD.BK</th>\n",
       "      <td>0.000096</td>\n",
       "      <td>0.000048</td>\n",
       "      <td>0.000091</td>\n",
       "      <td>0.000264</td>\n",
       "      <td>0.000300</td>\n",
       "      <td>0.000151</td>\n",
       "    </tr>\n",
       "    <tr>\n",
       "      <th>TIDLOR.BK</th>\n",
       "      <td>0.000050</td>\n",
       "      <td>0.000026</td>\n",
       "      <td>0.000084</td>\n",
       "      <td>0.000156</td>\n",
       "      <td>0.000151</td>\n",
       "      <td>0.000297</td>\n",
       "    </tr>\n",
       "  </tbody>\n",
       "</table>\n",
       "</div>"
      ],
      "text/plain": [
       "Symbols    ASIAN.BK     TU.BK    BBL.BK    MTC.BK  SAWAD.BK  TIDLOR.BK\n",
       "Symbols                                                               \n",
       "ASIAN.BK   0.000674  0.000092  0.000047  0.000144  0.000096   0.000050\n",
       "TU.BK      0.000092  0.000229  0.000031  0.000065  0.000048   0.000026\n",
       "BBL.BK     0.000047  0.000031  0.000209  0.000093  0.000091   0.000084\n",
       "MTC.BK     0.000144  0.000065  0.000093  0.000394  0.000264   0.000156\n",
       "SAWAD.BK   0.000096  0.000048  0.000091  0.000264  0.000300   0.000151\n",
       "TIDLOR.BK  0.000050  0.000026  0.000084  0.000156  0.000151   0.000297"
      ]
     },
     "execution_count": 4,
     "metadata": {},
     "output_type": "execute_result"
    }
   ],
   "source": [
    "# Log of percentage change\n",
    "cov_matrix = df.pct_change().apply(lambda x: np.log(1+x)).cov()\n",
    "cov_matrix"
   ]
  },
  {
   "cell_type": "code",
   "execution_count": 5,
   "metadata": {},
   "outputs": [
    {
     "data": {
      "text/html": [
       "<div>\n",
       "<style scoped>\n",
       "    .dataframe tbody tr th:only-of-type {\n",
       "        vertical-align: middle;\n",
       "    }\n",
       "\n",
       "    .dataframe tbody tr th {\n",
       "        vertical-align: top;\n",
       "    }\n",
       "\n",
       "    .dataframe thead th {\n",
       "        text-align: right;\n",
       "    }\n",
       "</style>\n",
       "<table border=\"1\" class=\"dataframe\">\n",
       "  <thead>\n",
       "    <tr style=\"text-align: right;\">\n",
       "      <th>Symbols</th>\n",
       "      <th>ASIAN.BK</th>\n",
       "      <th>TU.BK</th>\n",
       "      <th>BBL.BK</th>\n",
       "      <th>MTC.BK</th>\n",
       "      <th>SAWAD.BK</th>\n",
       "      <th>TIDLOR.BK</th>\n",
       "    </tr>\n",
       "    <tr>\n",
       "      <th>Symbols</th>\n",
       "      <th></th>\n",
       "      <th></th>\n",
       "      <th></th>\n",
       "      <th></th>\n",
       "      <th></th>\n",
       "      <th></th>\n",
       "    </tr>\n",
       "  </thead>\n",
       "  <tbody>\n",
       "    <tr>\n",
       "      <th>ASIAN.BK</th>\n",
       "      <td>1.000000</td>\n",
       "      <td>0.234462</td>\n",
       "      <td>0.124875</td>\n",
       "      <td>0.278789</td>\n",
       "      <td>0.213691</td>\n",
       "      <td>0.111976</td>\n",
       "    </tr>\n",
       "    <tr>\n",
       "      <th>TU.BK</th>\n",
       "      <td>0.234462</td>\n",
       "      <td>1.000000</td>\n",
       "      <td>0.139873</td>\n",
       "      <td>0.216544</td>\n",
       "      <td>0.182568</td>\n",
       "      <td>0.100123</td>\n",
       "    </tr>\n",
       "    <tr>\n",
       "      <th>BBL.BK</th>\n",
       "      <td>0.124875</td>\n",
       "      <td>0.139873</td>\n",
       "      <td>1.000000</td>\n",
       "      <td>0.324691</td>\n",
       "      <td>0.365629</td>\n",
       "      <td>0.335549</td>\n",
       "    </tr>\n",
       "    <tr>\n",
       "      <th>MTC.BK</th>\n",
       "      <td>0.278789</td>\n",
       "      <td>0.216544</td>\n",
       "      <td>0.324691</td>\n",
       "      <td>1.000000</td>\n",
       "      <td>0.767334</td>\n",
       "      <td>0.456691</td>\n",
       "    </tr>\n",
       "    <tr>\n",
       "      <th>SAWAD.BK</th>\n",
       "      <td>0.213691</td>\n",
       "      <td>0.182568</td>\n",
       "      <td>0.365629</td>\n",
       "      <td>0.767334</td>\n",
       "      <td>1.000000</td>\n",
       "      <td>0.504795</td>\n",
       "    </tr>\n",
       "    <tr>\n",
       "      <th>TIDLOR.BK</th>\n",
       "      <td>0.111976</td>\n",
       "      <td>0.100123</td>\n",
       "      <td>0.335549</td>\n",
       "      <td>0.456691</td>\n",
       "      <td>0.504795</td>\n",
       "      <td>1.000000</td>\n",
       "    </tr>\n",
       "  </tbody>\n",
       "</table>\n",
       "</div>"
      ],
      "text/plain": [
       "Symbols    ASIAN.BK     TU.BK    BBL.BK    MTC.BK  SAWAD.BK  TIDLOR.BK\n",
       "Symbols                                                               \n",
       "ASIAN.BK   1.000000  0.234462  0.124875  0.278789  0.213691   0.111976\n",
       "TU.BK      0.234462  1.000000  0.139873  0.216544  0.182568   0.100123\n",
       "BBL.BK     0.124875  0.139873  1.000000  0.324691  0.365629   0.335549\n",
       "MTC.BK     0.278789  0.216544  0.324691  1.000000  0.767334   0.456691\n",
       "SAWAD.BK   0.213691  0.182568  0.365629  0.767334  1.000000   0.504795\n",
       "TIDLOR.BK  0.111976  0.100123  0.335549  0.456691  0.504795   1.000000"
      ]
     },
     "execution_count": 5,
     "metadata": {},
     "output_type": "execute_result"
    }
   ],
   "source": [
    "corr_matrix = df.pct_change().apply(lambda x: np.log(1+x)).corr()\n",
    "corr_matrix"
   ]
  },
  {
   "cell_type": "code",
   "execution_count": 6,
   "metadata": {},
   "outputs": [
    {
     "data": {
      "text/plain": [
       "0.0001"
      ]
     },
     "execution_count": 6,
     "metadata": {},
     "output_type": "execute_result"
    }
   ],
   "source": [
    "# Randomly weighted portfolio's variance\n",
    "w = {'ASIAN.BK': 0.16, 'TU.BK': 0.17, 'BBL.BK': 0.17, 'MTC.BK': 0.17,'SAWAD.BK':0.16,'TIDLOR.BK':0.17}\n",
    "port_var = cov_matrix.mul(w, axis=0).mul(w, axis=1).sum().sum()\n",
    "port_var.round(4)"
   ]
  },
  {
   "cell_type": "code",
   "execution_count": 7,
   "metadata": {},
   "outputs": [
    {
     "data": {
      "text/plain": [
       "Symbols\n",
       "ASIAN.BK     0.014510\n",
       "TU.BK       -0.004015\n",
       "BBL.BK       0.017965\n",
       "MTC.BK      -0.019639\n",
       "SAWAD.BK    -0.021164\n",
       "TIDLOR.BK   -0.019403\n",
       "dtype: float64"
      ]
     },
     "execution_count": 7,
     "metadata": {},
     "output_type": "execute_result"
    }
   ],
   "source": [
    "# Monthly returns for individual companies\n",
    "ind_er = df.resample('M').last().pct_change().mean()\n",
    "ind_er"
   ]
  },
  {
   "cell_type": "code",
   "execution_count": 8,
   "metadata": {},
   "outputs": [
    {
     "data": {
      "text/plain": [
       "-0.0053"
      ]
     },
     "execution_count": 8,
     "metadata": {},
     "output_type": "execute_result"
    }
   ],
   "source": [
    "# Portfolio returns\n",
    "w = [0.16, 0.17, 0.17, 0.17, 0.16, 0.17]\n",
    "port_er = (w*ind_er).sum()\n",
    "port_er.round(4)"
   ]
  },
  {
   "cell_type": "code",
   "execution_count": 9,
   "metadata": {},
   "outputs": [
    {
     "data": {
      "text/plain": [
       "Symbols\n",
       "ASIAN.BK     0.410543\n",
       "TU.BK        0.239084\n",
       "BBL.BK       0.228369\n",
       "MTC.BK       0.313975\n",
       "SAWAD.BK     0.273764\n",
       "TIDLOR.BK    0.272502\n",
       "dtype: float64"
      ]
     },
     "execution_count": 9,
     "metadata": {},
     "output_type": "execute_result"
    }
   ],
   "source": [
    "# Volatility is given by the annual standard deviation. We multiply by 250 because there are 250 trading days/year.\n",
    "ann_sd = df.pct_change().apply(lambda x: np.log(1+x)).std().apply(lambda x: x*np.sqrt(250))\n",
    "ann_sd"
   ]
  },
  {
   "cell_type": "code",
   "execution_count": 10,
   "metadata": {},
   "outputs": [
    {
     "data": {
      "text/html": [
       "<div>\n",
       "<style scoped>\n",
       "    .dataframe tbody tr th:only-of-type {\n",
       "        vertical-align: middle;\n",
       "    }\n",
       "\n",
       "    .dataframe tbody tr th {\n",
       "        vertical-align: top;\n",
       "    }\n",
       "\n",
       "    .dataframe thead th {\n",
       "        text-align: right;\n",
       "    }\n",
       "</style>\n",
       "<table border=\"1\" class=\"dataframe\">\n",
       "  <thead>\n",
       "    <tr style=\"text-align: right;\">\n",
       "      <th></th>\n",
       "      <th>Returns</th>\n",
       "      <th>Volatility</th>\n",
       "    </tr>\n",
       "    <tr>\n",
       "      <th>Symbols</th>\n",
       "      <th></th>\n",
       "      <th></th>\n",
       "    </tr>\n",
       "  </thead>\n",
       "  <tbody>\n",
       "    <tr>\n",
       "      <th>ASIAN.BK</th>\n",
       "      <td>0.014510</td>\n",
       "      <td>0.410543</td>\n",
       "    </tr>\n",
       "    <tr>\n",
       "      <th>TU.BK</th>\n",
       "      <td>-0.004015</td>\n",
       "      <td>0.239084</td>\n",
       "    </tr>\n",
       "    <tr>\n",
       "      <th>BBL.BK</th>\n",
       "      <td>0.017965</td>\n",
       "      <td>0.228369</td>\n",
       "    </tr>\n",
       "    <tr>\n",
       "      <th>MTC.BK</th>\n",
       "      <td>-0.019639</td>\n",
       "      <td>0.313975</td>\n",
       "    </tr>\n",
       "    <tr>\n",
       "      <th>SAWAD.BK</th>\n",
       "      <td>-0.021164</td>\n",
       "      <td>0.273764</td>\n",
       "    </tr>\n",
       "    <tr>\n",
       "      <th>TIDLOR.BK</th>\n",
       "      <td>-0.019403</td>\n",
       "      <td>0.272502</td>\n",
       "    </tr>\n",
       "  </tbody>\n",
       "</table>\n",
       "</div>"
      ],
      "text/plain": [
       "            Returns  Volatility\n",
       "Symbols                        \n",
       "ASIAN.BK   0.014510    0.410543\n",
       "TU.BK     -0.004015    0.239084\n",
       "BBL.BK     0.017965    0.228369\n",
       "MTC.BK    -0.019639    0.313975\n",
       "SAWAD.BK  -0.021164    0.273764\n",
       "TIDLOR.BK -0.019403    0.272502"
      ]
     },
     "execution_count": 10,
     "metadata": {},
     "output_type": "execute_result"
    }
   ],
   "source": [
    "assets = pd.concat([ind_er, ann_sd], axis=1) # Creating a table for visualising returns and volatility of assets\n",
    "assets.columns = ['Returns', 'Volatility']\n",
    "assets"
   ]
  },
  {
   "cell_type": "code",
   "execution_count": 11,
   "metadata": {},
   "outputs": [],
   "source": [
    "p_ret = [] # Define an empty array for portfolio returns\n",
    "p_vol = [] # Define an empty array for portfolio volatility\n",
    "p_weights = [] # Define an empty array for asset weights"
   ]
  },
  {
   "cell_type": "code",
   "execution_count": 12,
   "metadata": {},
   "outputs": [],
   "source": [
    "num_assets = len(df.columns)\n",
    "num_portfolios = 10000"
   ]
  },
  {
   "cell_type": "code",
   "execution_count": 13,
   "metadata": {},
   "outputs": [],
   "source": [
    "for portfolio in range(num_portfolios):\n",
    "    weights = np.random.random(num_assets)\n",
    "    weights = weights/np.sum(weights)\n",
    "    p_weights.append(weights)\n",
    "    returns = np.dot(weights, ind_er) # Returns are the product of individual expected returns of asset and its \n",
    "                                      # weights \n",
    "    p_ret.append(returns)\n",
    "    var = cov_matrix.mul(weights, axis=0).mul(weights, axis=1).sum().sum()# Portfolio Variance\n",
    "    sd = np.sqrt(var) # Daily standard deviation\n",
    "    ann_sd = sd*np.sqrt(250) # Annual standard deviation = volatility\n",
    "    p_vol.append(ann_sd)"
   ]
  },
  {
   "cell_type": "code",
   "execution_count": 14,
   "metadata": {},
   "outputs": [],
   "source": [
    "data = {'Returns':p_ret, 'Volatility':p_vol}"
   ]
  },
  {
   "cell_type": "code",
   "execution_count": 15,
   "metadata": {},
   "outputs": [],
   "source": [
    "for counter, symbol in enumerate(df.columns.tolist()):\n",
    "    #print(counter, symbol)\n",
    "    data[symbol+' weight'] = [w[counter] for w in p_weights]"
   ]
  },
  {
   "cell_type": "code",
   "execution_count": 16,
   "metadata": {},
   "outputs": [
    {
     "data": {
      "text/html": [
       "<div>\n",
       "<style scoped>\n",
       "    .dataframe tbody tr th:only-of-type {\n",
       "        vertical-align: middle;\n",
       "    }\n",
       "\n",
       "    .dataframe tbody tr th {\n",
       "        vertical-align: top;\n",
       "    }\n",
       "\n",
       "    .dataframe thead th {\n",
       "        text-align: right;\n",
       "    }\n",
       "</style>\n",
       "<table border=\"1\" class=\"dataframe\">\n",
       "  <thead>\n",
       "    <tr style=\"text-align: right;\">\n",
       "      <th></th>\n",
       "      <th>Returns</th>\n",
       "      <th>Volatility</th>\n",
       "      <th>ASIAN.BK weight</th>\n",
       "      <th>TU.BK weight</th>\n",
       "      <th>BBL.BK weight</th>\n",
       "      <th>MTC.BK weight</th>\n",
       "      <th>SAWAD.BK weight</th>\n",
       "      <th>TIDLOR.BK weight</th>\n",
       "    </tr>\n",
       "  </thead>\n",
       "  <tbody>\n",
       "    <tr>\n",
       "      <th>0</th>\n",
       "      <td>0.001096</td>\n",
       "      <td>0.181882</td>\n",
       "      <td>0.234282</td>\n",
       "      <td>0.239809</td>\n",
       "      <td>0.240207</td>\n",
       "      <td>0.118359</td>\n",
       "      <td>0.048093</td>\n",
       "      <td>0.119249</td>\n",
       "    </tr>\n",
       "    <tr>\n",
       "      <th>1</th>\n",
       "      <td>-0.005987</td>\n",
       "      <td>0.208403</td>\n",
       "      <td>0.022845</td>\n",
       "      <td>0.015558</td>\n",
       "      <td>0.356251</td>\n",
       "      <td>0.067130</td>\n",
       "      <td>0.508060</td>\n",
       "      <td>0.030156</td>\n",
       "    </tr>\n",
       "    <tr>\n",
       "      <th>2</th>\n",
       "      <td>-0.009186</td>\n",
       "      <td>0.214905</td>\n",
       "      <td>0.235665</td>\n",
       "      <td>0.131349</td>\n",
       "      <td>0.018747</td>\n",
       "      <td>0.239576</td>\n",
       "      <td>0.250288</td>\n",
       "      <td>0.124377</td>\n",
       "    </tr>\n",
       "    <tr>\n",
       "      <th>3</th>\n",
       "      <td>-0.001773</td>\n",
       "      <td>0.181079</td>\n",
       "      <td>0.171834</td>\n",
       "      <td>0.127464</td>\n",
       "      <td>0.268227</td>\n",
       "      <td>0.143508</td>\n",
       "      <td>0.084060</td>\n",
       "      <td>0.204907</td>\n",
       "    </tr>\n",
       "    <tr>\n",
       "      <th>4</th>\n",
       "      <td>-0.012835</td>\n",
       "      <td>0.214025</td>\n",
       "      <td>0.034806</td>\n",
       "      <td>0.099793</td>\n",
       "      <td>0.119639</td>\n",
       "      <td>0.309570</td>\n",
       "      <td>0.309858</td>\n",
       "      <td>0.126334</td>\n",
       "    </tr>\n",
       "  </tbody>\n",
       "</table>\n",
       "</div>"
      ],
      "text/plain": [
       "    Returns  Volatility  ASIAN.BK weight  TU.BK weight  BBL.BK weight  \\\n",
       "0  0.001096    0.181882         0.234282      0.239809       0.240207   \n",
       "1 -0.005987    0.208403         0.022845      0.015558       0.356251   \n",
       "2 -0.009186    0.214905         0.235665      0.131349       0.018747   \n",
       "3 -0.001773    0.181079         0.171834      0.127464       0.268227   \n",
       "4 -0.012835    0.214025         0.034806      0.099793       0.119639   \n",
       "\n",
       "   MTC.BK weight  SAWAD.BK weight  TIDLOR.BK weight  \n",
       "0       0.118359         0.048093          0.119249  \n",
       "1       0.067130         0.508060          0.030156  \n",
       "2       0.239576         0.250288          0.124377  \n",
       "3       0.143508         0.084060          0.204907  \n",
       "4       0.309570         0.309858          0.126334  "
      ]
     },
     "execution_count": 16,
     "metadata": {},
     "output_type": "execute_result"
    }
   ],
   "source": [
    "portfolios  = pd.DataFrame(data)\n",
    "portfolios.head() # Dataframe of the 10000 portfolios created"
   ]
  },
  {
   "cell_type": "code",
   "execution_count": 17,
   "metadata": {},
   "outputs": [
    {
     "data": {
      "text/plain": [
       "<AxesSubplot:xlabel='Volatility', ylabel='Returns'>"
      ]
     },
     "execution_count": 17,
     "metadata": {},
     "output_type": "execute_result"
    },
    {
     "data": {
